827
622 91
463 640
394 83
232 617
470 342
119 358
827 788
53 179
52 166
200 244
89 20
79 726
616 637
755 440
223 736
523 732
383 248
36 28
419 17
585 198
536 101
127 350
23 215
4 216
55 35
288 347
196 359
415 546
417 385
820 429
369 564
571 373
697 753
453 652
12 271
77 282
133 593
625 187
82 581
276 473
420 260
68 100
199 476
684 52
202 48
10 382
600 95
112 92
553 103
227 252
83 44
285 38
297 367
437 174
212 77
111 464
545 699
44 199
504 648
7 14
573 400
58 274
242 465
270 443
649 329
295 352
125 481
131 116
111 82
6 76
550 55
319 151
533 436
327 400
251 478
544 265
52 301
304 365
10 15
561 630
229 13
150 75
674 298
589 801
327 527
701 566
168 1
414 305
610 435
163 472
337 528
662 698
38 198
598 490
160 129
488 344
59 810
56 103
52 53
313 314
384 673
6 681
530 822
690 477
584 752
428 641
313 98
8 74
276 397
84 171
98 45
26 60
60 734
253 758
432 174
156 525
330 687
256 819
254 403
645 202
16 88
468 668
795 312
61 413
104 554
264 499
444 44
677 482
42 120
34 651
306 387
44 77
284 305
3 18
46 409
675 647
63 222
69 404
353 549
19 126
39 628
448 653
194 705
45 12
126 130
221 212
93 483
216 440
493 22
679 514
99 34
175 501
162 62
576 81
119 99
187 272
344 741
731 793
106 248
186 433
305 523
101 69
661 304
451 137
35 814
500 483
7 6
239 69
354 325
315 184
87 39
362 304
81 32
54 37
264 181
173 63
725 205
142 176
228 182
531 45
39 36
662 71
14 16
146 276
267 63
291 381
456 356
312 670
42 39
626 632
278 232
127 81
360 507
567 466
777 668
659 639
784 168
411 97
618 28
691 446
57 86
4 43
284 143
720 766
428 812
391 503
743 619
116 39
43 323
623 427
219 151
764 624
612 278
445 213
238 71
130 159
257 442
298 156
271 441
243 724
192 147
157 466
10 7
47 201
26 121
95 307
552 431
39 259
148 11
250 169
306 55
543 132
317 636
441 729
555 803
88 326
519 278
541 626
20 24
58 80
398 89
286 169
61 62
469 742
826 30
685 711
1 142
233 491
90 71
798 546
325 212
167 169
428 71
175 415
139 48
113 140
55 230
200 656
604 277
599 215
672 296
151 184
157 114
637 823
113 69
498 281
58 14
694 348
204 220
47 63
289 46
178 586
510 495
242 214
494 165
5 458
132 569
9 2
504 401
384 148
279 322
109 97
264 429
203 60
211 57
816 293
49 21
663 343
11 1
44 36
229 490
447 750
236 37
434 295
791 722
611 556
769 78
572 280
534 187
376 106
447 404
102 824
25 348
669 388
201 515
794 420
504 660
642 182
73 104
406 236
152 349
743 776
479 230
334 84
116 761
333 167
209 357
66 35
797 632
1 5
363 20
43 206
15 329
54 156
258 377
31 16
28 26
150 275
321 739
239 792
450 103
301 537
339 132
286 439
49 304
555 15
96 50
364 99
326 580
621 323
115 63
710 536
260 390
454 321
560 533
62 615
23 16
26 2
780 425
64 60
749 591
11 78
331 128
97 44
317 747
261 196
164 682
33 155
783 474
611 811
160 619
286 372
246 92
22 6
124 693
149 9
160 807
294 759
290 773
799 477
85 821
211 629
392 325
174 224
370 16
417 457
136 35
774 733
44 825
16 182
416 371
727 307
356 323
529 368
785 98
671 276
61 469
8 5
3 84
285 746
56 36
65 21
263 707
158 183
481 492
48 35
99 410
240 206
102 664
243 153
467 227
355 389
231 676
526 328
497 197
73 19
198 373
538 56
522 230
719 48
2 607
69 9
622 800
26 30
231 216
195 241
27 29
175 270
292 146
81 516
574 475
205 627
25 32
69 133
453 514
2 4
213 217
83 460
737 655
551 436
116 287
72 338
721 362
629 686
17 15
293 337
97 583
52 577
75 128
393 327
561 81
8 480
399 390
562 216
590 228
520 127
44 138
267 748
126 475
283 50
804 613
369 539
82 80
433 603
123 71
218 299
316 418
22 194
40 196
342 778
28 68
13 1
548 146
111 117
516 568
146 164
767 652
422 459
22 46
717 185
300 109
135 249
77 279
39 91
425 714
118 770
266 32
692 745
316 559
200 226
269 44
200 136
30 557
10 40
162 186
495 50
427 132
199 214
579 771
482 72
63 152
89 255
395 36
401 52
298 312
287 695
53 167
97 163
471 709
704 675
228 344
255 374
42 57
347 635
782 639
647 200
316 133
735 151
188 425
71 54
556 474
541 483
594 351
325 412
99 291
276 281
665 590
188 74
505 757
477 269
110 161
226 697
227 140
154 17
3 193
223 118
444 809
128 145
752 775
104 218
20 108
588 316
158 134
654 498
638 213
413 489
232 127
722 626
609 335
235 92
10 144
311 127
44 595
518 364
181 91
168 422
302 696
646 518
380 731
436 409
205 201
408 112
251 297
612 683
41 5
768 5
293 88
689 262
189 730
107 11
31 129
346 219
85 38
485 306
566 454
132 130
426 75
608 634
304 517
197 210
562 605
122 106
596 187
44 50
616 415
1 2
324 217
34 7
151 34
601 688
213 407
719 760
188 247
212 513
380 17
241 310
455 26
578 342
112 813
326 343
484 148
474 471
788 51
423 206
37 59
678 568
61 55
61 620
21 1
680 720
109 351
329 438
379 565
100 435
22 27
48 353
201 396
584 249
3 1
93 40
296 182
143 121
322 388
263 558
341 505
608 533
762 403
251 317
385 506
592 428
495 728
39 207
244 667
756 624
70 254
263 133
180 117
392 658
391 33
118 268
187 4
277 28
495 643
287 542
207 262
4 471
558 787
597 209
241 309
164 371
2 51
589 703
197 93
190 7
75 65
225 530
106 62
405 196
147 26
280 112
579 395
102 5
261 587
345 65
715 594
49 67
157 402
82 225
294 82
524 194
355 97
361 235
159 545
7 19
357 713
633 183
808 81
256 210
685 638
49 644
94 61
431 72
631 71
11 486
139 273
708 131
430 138
535 71
156 165
496 328
330 297
247 763
91 204
113 208
556 796
509 362
504 723
155 589
614 167
64 666
668 716
628 790
34 114
288 222
591 108
11 125
375 142
69 233
448 444
52 105
789 405
288 582
204 606
194 547
265 244
209 40
69 146
574 817
532 394
379 26
208 290
146 318
21 446
806 354
512 461
35 47
109 135
781 288
308 236
511 214
25 16
70 65
463 255
170 105
639 590
818 95
692 604
46 52
548 624
509 765
302 233
435 772
180 613
90 521
141 59
1 20
342 242
189 101
261 328
602 394
6 5
28 174
779 245
332 162
75 237
55 468
368 324
19 35
476 487
185 461
680 627
95 124
540 120
295 287
563 447
251 75
452 296
124 786
754 222
191 152
67 92
25 79
364 385
58 110
21 213
58 449
27 95
462 237
539 815
33 2
733 464
95 177
700 413
260 99
802 487
71 72
321 94
436 502
12 2
37 15
245 190
114 303
78 657
156 185
12 38
293 320
137 738
257 104
386 79
156 172
429 453
327 213
5 118
